01  03  01  00  +1.30140  +1.26600  0.00026 
02  03  02  00  +0.16610  +0.15640  0.00015 
03  01  02  01  -0.85730  -0.86130  0.00030 
04  01  01  05  +0.43100  +0.43540  0.00021 
05  01  02  03  +0.46080  +0.46280  0.00022 
06  01  02  04  +0.32860  +0.34060  0.00019 
07  01  05  02  -0.23090  -0.24390  0.00017 
08  01  03  04  -0.19590  -0.19820  0.00017 
09  01  04  05  -0.41010  -0.38820  0.00021 
10  01  07  04  -0.19960  -0.20790  0.00017 
11  01  04  09  +0.11440  +0.13080  0.00015 
12  01  05  06  +0.30720  +0.32030  0.00019 
13  01  11  06  -0.02890  -0.02910  0.00014 
14  01  06  12  +0.03800  +0.04320  0.00014 
15  01  06  13  +0.07820  +0.06290  0.00015 
16  01  07  08  +0.00000  -0.00490  0.00014 
17  01  09  07  -0.20420  -0.19220  0.00017 
18  01  09  10  +0.03080  +0.03280  0.00014 
19  01  14  09  -0.04890  -0.04080  0.00014 
20  01  10  11  -0.01380  -0.01860  0.00014 
21  01  13  12  -0.00390  +0.00040  0.00014 
22  01  13  14  +0.02580  +0.02440  0.00014 
23  04  01  00  -0.07300  -0.07590  0.00014 
24  04  02  00  -0.11930  -0.12620  0.00015 
25  02  02  01  +0.00720  +0.00150  0.00014 
26  02  01  05  -0.04720  -0.04860  0.00014 
27  02  02  03  +0.06950  +0.07660  0.00015 
28  02  02  04  -0.09920  -0.12330  0.00015 
29  02  05  02  +0.06940  +0.08320  0.00015 
30  02  03  04  -0.12640  -0.10120  0.00016 
31  02  04  05  +0.01680  +0.00970  0.00014 
32  02  04  07  +0.13100  +0.13810  0.00016 
33  02  04  09  -0.04180  -0.06400  0.00014 
34  02  05  06  -0.08830  -0.09220  0.00015 
35  02  11  06  -0.01720  -0.03610  0.00014 
36  02  06  12  +0.01640  +0.02760  0.00014 
37  02  06  13  +0.04330  +0.03800  0.00014 
38  02  07  08  -0.14120  -0.12270  0.00016 
39  02  09  07  -0.00630  -0.02970  0.00014 
40  02  09  10  +0.03400  +0.01260  0.00014 
41  02  14  09  -0.02610  -0.01110  0.00014 
42  02  10  11  -0.00510  +0.00550  0.00014 
43  02  13  12  -0.00530  +0.00270  0.00014 
44  02  13  14  +0.00820  +0.02590  0.00014 
45  05  01  00  +1.06000  +1.05510  0.00001 
46  05  02  00  +1.04500  +1.04680  0.00001 
end