01  06  +3.9525003920  -15.263114720  0  -60.240963860
02  03  +6.2768334630  -49.712521030  0  -6.0024009600
02  24  +11.804384490  -91.062394600  0  -11.111111111
03  22  +5.5288328630  -42.572013050  0  -20.618556700
04  18  +2.4715576430  -8.9615569080  0  -35.587188610
04  19  +1.9149113800  -7.3969290190  0  -29.154518950
05  17  +2.8625866490  -11.095806050  0  -43.668122270
05  20  +2.7414620890  -10.617153620  0  -41.841004180
06  18  +1.4682974970  -5.6771877460  0  -22.371364650
06  20  +1.4682974970  -5.6771877460  0  -22.371364650
07  13  +2.6487535660  -20.668962250  0  -10.010010010
07  16  +2.6487535660  -20.668962250  0  -10.010010010
07  24  +1.4594777960  -11.373408050  0  -5.5005500550
08  16  +3.0398558880  -23.530736320  0  -11.376564280
08  22  +3.2505314620  -25.289134770  0  -12.224938880
09  11  +9.6816781580  -75.986504330  0  -9.1743119270
09  15  +8.5470085470  -68.376068380  0  -33.003300330
10  11  +1.8619463120  -14.510340220  0  -7.0224719100
10  15  +1.1978343160  -9.3431076610  0  -4.5207956600
11  14  +5.1624745460  -40.152579800  0  -4.8543689320
12  14  +2.4465948510  -18.951981010  0  -9.1659028410
12  23  +0.3264958478  -11.910000710  0  0.00000000000
13  18  +0.3264958478  -11.910000710  0  0.0000000e+00
13  20  +0.3264958478  -11.910000710  0  0.0000000e+00
13  24  +1.3072832550  -10.184158260  0  -4.9261083740
14  22  +7.2337487260  -56.883569530  0  -27.472527470
15  22  +4.8408390790  -37.993252160  0  -18.348623850
16  18  +0.3264958478  -11.910000710  0  0.0000000e+00
16  20  +0.3264958478  -11.910000710  0  0.0000000e+00
17  19  +13.001950290  -69.510426560  0  -2.1687269570
17  23  +1.1473818260  -4.4382242060  0  -17.482517480
18  23  +2.0384337420  -7.8757667290  0  -31.055900620 		
19  21  +1.2635350150  -4.8812620300  0  -19.230769230
20  21  +3.6071478620  -15.700175950  0  -0.4066693778