01  06  0.1590000e-01  0.6140000e-01  0.1660000e-01
02  03  0.2500000e-02  0.1980000e-01  0.1666000e+00
02  24  0.1400000e-02  0.1080000e-01  0.9000000e-01
03  22  0.3000000e-02  0.2310000e-01  0.4850000e-01
04  18  0.2680000e-01  0.1037000e+00  0.2810000e-01
04  19  0.3280000e-01  0.1267000e+00  0.3430000e-01
05  17  0.2180000e-01  0.8450000e-01  0.2290000e-01
05  20  0.0228000e+00  0.0883000e+00  0.2390000e-01
06  18  0.4270000e-01  0.1651000e+00  0.4470000e-01
06  20  0.4270000e-01  0.1651000e+00  0.4470000e-01
07  13  0.6100000e-02  0.4760000e-01  0.9990000e-01
07  16  0.6100000e-02  0.4760000e-01  0.9990000e-01
07  24  0.1110000e-01  0.8650000e-01  0.1818000e+00
08  16  0.5400000e-02  0.4180000e-01  0.8790000e-01
08  22  0.5000000e-02  0.3890000e-01  0.8180000e-01
09  11  0.1650000e-02  0.1295000e-01  0.1090000e+00
09  15  0.1800000e-02  0.1440000e-01  0.3030000e-01
10  11  0.8700000e-02  0.6780000e-01  0.1424000e+00
10  15  0.1350000e-01  0.1053000e+00  0.2212000e+00
11  14  0.3150000e-02  0.2450000e-01  0.2060000e+00
12  14  0.6700000e-02  0.5190000e-01  0.1091000e+00
12  23  0.2300000e-02  0.8390000e-01  0.0000000e+00
13  18  0.2300000e-02  0.8390000e-01  0.0000000e+00
13  20  0.2300000e-02  0.8390000e-01  0.0000000e+00
13  24  0.1240000e-01  0.9660000e-01  0.2030000e+00
14  22  0.2200000e-02  0.1730000e-01  0.3640000e-01
15  22  0.3300000e-02  0.2590000e-01  0.5450000e-01
16  18  0.2300000e-02  0.8390000e-01  0.0000000e+00
16  20  0.2300000e-02  0.8390000e-01  0.0000000e+00
17  19  0.0260000e-01  0.1390000e-01  0.4611000e+00
17  23  0.5460000e-01  0.2112000e+00  0.5720000e-01
18  23  0.3080000e-01  0.1190000e+00  0.3220000e-01 		
19  21  0.4970000e-01  0.1920000e+00  0.5200000e-01
20  21  0.1390000e-01  0.6050000e-01  2.4590000e+00